$ANSIBLE_VAULT;1.1;AES256
37373636633136633564363366643161363564363334363730336663376133366166353561613231
3261383161623364383334323339613531343039666639620a346364616162613265656337306336
39356565623865613362353164653863666134626338373465386337656165353439666135623966
6638386335363361340a353066636235393765653861306236303534343762346534663639636166
63363635626165636234623263336263383838363630363765626336666661383364383330373663
65326433353862333731356434653561626333323435313933643933656137613235333232346637
36333634333237653630316531303335613639396134616564353630656230633365663536653434
37393935396639373731666436626466333334323566303937663561353138616133323330653463
38616534313063636162376466306231383832383765666531303437336462363462653131353334
31366437336235343764333035636138386533373639653730393839353830303161643934353430
36643232373635366262623538633763396666376436386433623630366264623563633334623966
39393833643762306133616231646265313961386239653139613334666136363634333861646630
63366664653934326135303462643865373231633030633930653138333964363430666433336432
31656466323765303163356632373830383833643536343265386264323566323839373031373333
65313331383136373333336565336530313331623031316566303465383635653038626166373737
32636235313836306330643736313930656435316362396532646564653038363533626365616335
30316339333337336438653661666238623539353830393366323235666532666363303235313463
61653061643931663937373366316662376638653462373735626263383865643361383736363939
36623631346334666339383236336432626661336666353631323539633234323635656232663235
62373333653763313539313334346431356631303235653235373563656461383663386265383263
39623538633037323363323033333432646464373363306666336636373135373736333439393632
6233623662623134393439613832646336363235336261633532
